SNR,BER,FER
0.0,0.1546669,0.9994
0.05,0.1526546,0.9988
0.1,0.1504972,0.9984
0.15000000000000002,0.1481132,0.9964
0.2,0.1453085,0.9924
0.25,0.1420987,0.9862
0.30000000000000004,0.138408,0.9774
0.35000000000000003,0.1342679,0.966
0.4,0.1293677,0.9466
0.45,0.1235462,0.9236
0.5,0.1168935,0.8894
0.55,0.1091762,0.849
0.6000000000000001,0.1007041,0.7952
0.65,0.0912626,0.7324
0.7000000000000001,0.0810119,0.661
0.75,0.0710369,0.5862
0.8,0.0610834,0.5088
0.8500000000000001,0.0519256,0.4382
0.9,0.0431766,0.369
0.9500000000000001,0.03442,0.2972
1.0,0.0272238,0.234
1.05,0.0211214,0.182
1.1,0.0157321,0.1384
1.1500000000000001,0.0116357,0.1022
1.2000000000000002,0.0082161,0.073
1.25,0.005492,0.0476
1.3,0.003894,0.0354
1.35,0.0026241,0.0238
1.4000000000000001,0.0017411,0.0166
1.4500000000000002,0.001011,0.0102
1.5,0.0006058,0.0058
1.55,0.0003172,0.0038
1.6,0.0001364,0.0016
1.6500000000000001,0.0001276,0.0012
1.7000000000000002,0.0001702,0.001
1.75,0.0001011,0.0008
1.8,5.91e-05,0.0006
1.85,5.65e-05,0.0006
1.9000000000000001,5.08e-05,0.0008
1.9500000000000002,1.8e-06,0.0004
2.0,4.94e-05,0.0004
2.0500000000000003,1.7e-06,0.0002
2.1,2.36e-05,0.0002
2.15,1.56e-05,0.0004
2.2,4.26e-05,0.0004
2.25,0.0,0.0
