SNR,BER,FER
0.0,0.1545988,0.9998
0.05,0.1526045,0.9992
0.1,0.1504009,0.9978
0.15000000000000002,0.1480363,0.9962
0.2,0.1452298,0.9934
0.25,0.1419004,0.9874
0.30000000000000004,0.1382065,0.9772
0.35000000000000003,0.1338525,0.9646
0.4,0.1287871,0.9446
0.45,0.1228633,0.919
0.5,0.1163478,0.887
0.55,0.1087138,0.8434
0.6000000000000001,0.1003222,0.7932
0.65,0.091083,0.7346
0.7000000000000001,0.0808658,0.6622
0.75,0.0705607,0.5866
0.8,0.0600781,0.5048
0.8500000000000001,0.0509273,0.4324
0.9,0.0417508,0.3586
0.9500000000000001,0.0341381,0.2946
1.0,0.0265464,0.2336
1.05,0.0203181,0.1802
1.1,0.0148346,0.1326
1.1500000000000001,0.0108866,0.0992
1.2000000000000002,0.007764,0.068
1.25,0.0052286,0.0462
1.3,0.0037059,0.0328
1.35,0.0024367,0.0216
1.4000000000000001,0.0017106,0.015
1.4500000000000002,0.0010383,0.0096
1.5,0.0006239,0.0058
1.55,0.0004373,0.0044
1.6,0.000224,0.0026
1.6500000000000001,0.0001566,0.002
1.7000000000000002,0.000116,0.0014
1.75,5.07e-05,0.0012
1.8,2.32e-05,0.0004
1.85,0.0,0.0
