SNR,BER,FER
0.0,0.1477972,0.9964
0.05,0.1445557,0.992
0.1,0.1411598,0.9854
0.15000000000000002,0.1374469,0.979
0.2,0.1327975,0.965
0.25,0.1278887,0.948
0.30000000000000004,0.1217648,0.9228
0.35000000000000003,0.1152872,0.891
0.4,0.1076564,0.8524
0.45,0.0987147,0.7984
0.5,0.0893664,0.7392
0.55,0.079239,0.6714
0.6000000000000001,0.0691459,0.599
0.65,0.0595538,0.5272
0.7000000000000001,0.0500257,0.453
0.75,0.040674,0.3806
0.8,0.0328087,0.3136
0.8500000000000001,0.0255698,0.2546
0.9,0.0194266,0.2014
0.9500000000000001,0.0149321,0.1628
1.0,0.010802,0.125
1.05,0.0074208,0.0948
1.1,0.0051899,0.0756
1.1500000000000001,0.003194,0.0572
1.2000000000000002,0.0022177,0.0454
1.25,0.0012953,0.0376
1.3,0.0008995,0.0326
1.35,0.0006681,0.0288
1.4000000000000001,0.0003443,0.0248
1.4500000000000002,0.0002597,0.0246
1.5,0.0001088,0.021
1.55,7.33e-05,0.0198
1.6,4.53e-05,0.0188
1.6500000000000001,4.46e-05,0.0182
1.7000000000000002,4.5e-05,0.0178
1.75,6.31e-05,0.0172
1.8,3.56e-05,0.016
1.85,3.6e-05,0.015
1.9000000000000001,6.25e-05,0.0148
1.9500000000000002,3.21e-05,0.0134
2.0,2.71e-05,0.0128
2.0500000000000003,3.54e-05,0.0128
2.1,2.9e-05,0.0116
2.15,2.35e-05,0.011
2.2,2.14e-05,0.01
2.25,2e-05,0.0094
2.3000000000000003,1.82e-05,0.0088
2.35,3.94e-05,0.009
2.4000000000000004,1.66e-05,0.008
2.45,1.66e-05,0.008
2.5,1.41e-05,0.0074
2.5500000000000003,1.29e-05,0.0066
2.6,1.24e-05,0.0062
2.6500000000000004,1.24e-05,0.0062
2.7,1.11e-05,0.0056
2.75,1.03e-05,0.0052
2.8000000000000003,9.7e-06,0.005
2.85,9.6e-06,0.0048
2.9000000000000004,9.6e-06,0.0048
2.95,8.8e-06,0.0044
3.0,8.4e-06,0.0042
3.0500000000000003,8.2e-06,0.0042
3.1,7.2e-06,0.0036
3.1500000000000004,6.4e-06,0.0032
3.2,6e-06,0.003
3.25,5.9e-06,0.003
3.3000000000000003,5.2e-06,0.0026
3.35,4.8e-06,0.0024
3.4000000000000004,4.4e-06,0.0022
3.45,4.4e-06,0.0022
3.5,4.2e-06,0.0022
3.5500000000000003,3.8e-06,0.002
3.6,3e-06,0.0016
3.6500000000000004,2.8e-06,0.0014
3.7,2.3e-06,0.0014
3.75,2e-06,0.001
3.8000000000000003,2e-06,0.001
3.85,2e-06,0.001
3.9000000000000004,2e-06,0.001
3.95,2e-06,0.001
