SNR,BER,FER
0.0,0.1545209,0.9994
0.05,0.1525337,0.9992
0.1,0.1503003,0.9978
0.15000000000000002,0.1476888,0.9944
0.2,0.1449586,0.9918
0.25,0.141721,0.986
0.30000000000000004,0.1381751,0.977
0.35000000000000003,0.133845,0.966
0.4,0.1287712,0.946
0.45,0.1227425,0.9176
0.5,0.1159519,0.8862
0.55,0.1081264,0.8444
0.6000000000000001,0.0994584,0.7904
0.65,0.0901238,0.728
0.7000000000000001,0.0797402,0.6552
0.75,0.0699155,0.5794
0.8,0.0596472,0.5024
0.8500000000000001,0.0503545,0.4252
0.9,0.0413801,0.3528
0.9500000000000001,0.0330807,0.2858
1.0,0.0256388,0.221
1.05,0.0195375,0.1692
1.1,0.0148204,0.1316
1.1500000000000001,0.0108092,0.0962
1.2000000000000002,0.0076464,0.0686
1.25,0.0050244,0.0456
1.3,0.0035113,0.031
1.35,0.0024611,0.0216
1.4000000000000001,0.001518,0.0138
1.4500000000000002,0.0009971,0.009
1.5,0.0007043,0.0064
1.55,0.0005764,0.0048
1.6,0.0002915,0.0028
1.6500000000000001,0.0001087,0.0016
1.7000000000000002,0.000115,0.0008
1.75,9.51e-05,0.0006
1.8,6.33e-05,0.0002
1.85,2.44e-05,0.0002
1.9000000000000001,6.8e-06,0.0002
1.9500000000000002,4.8e-06,0.0004
2.0,1.05e-05,0.0002
2.0500000000000003,0.0,0.0
