SNR,BER,FER
1.0,0.13078023952095807,1.0
1.05,0.12937934131736528,1.0
1.1,0.127987125748503,1.0
1.1500000000000001,0.12658872255489023,1.0
1.2000000000000002,0.12519570858283433,1.0
1.2500000000000002,0.12379221556886227,1.0
1.3000000000000003,0.12240309381237525,1.0
1.3500000000000003,0.12101546906187624,1.0
1.4000000000000004,0.11960778443113773,1.0
1.4500000000000004,0.11820319361277445,1.0
1.5000000000000004,0.1167940119760479,1.0
1.5500000000000005,0.11537265469061876,1.0
1.6000000000000005,0.11396437125748503,1.0
1.6500000000000006,0.11255269461077844,1.0
1.7000000000000006,0.11112654690618763,1.0
1.7500000000000007,0.10968183632734531,1.0
1.8000000000000007,0.10820419161676646,1.0
1.8500000000000008,0.10671556886227544,1.0
1.9000000000000008,0.10518193612774451,0.9998
1.9500000000000008,0.1036249500998004,0.9998
2.000000000000001,0.10197035928143712,0.9998
2.0500000000000007,0.10032165668662675,0.9994
2.100000000000001,0.09861077844311378,0.999
2.1500000000000012,0.0967812375249501,0.9986
2.200000000000001,0.09479510978043912,0.9978
2.250000000000001,0.09257055888223553,0.9944
2.300000000000001,0.09013313373253493,0.9906
2.3500000000000014,0.08731167664670658,0.9832
2.4000000000000012,0.0840369261477046,0.9676
2.450000000000001,0.08040299401197605,0.9512
2.5000000000000013,0.07615089820359282,0.926
2.5500000000000016,0.07155429141716567,0.893
2.6000000000000014,0.06612245508982036,0.8482
2.6500000000000012,0.05973493013972056,0.7844
2.7000000000000015,0.05280469061876247,0.7094
2.7500000000000018,0.046148303393213574,0.6356
2.8000000000000016,0.03894570858283433,0.5472
2.8500000000000014,0.0323311377245509,0.4586
2.9000000000000017,0.025934031936127745,0.375
2.950000000000002,0.020672155688622754,0.3042
3.0000000000000018,0.015548502994011976,0.2322
3.0500000000000016,0.011486526946107785,0.174
3.100000000000002,0.008263672654690619,0.127
3.150000000000002,0.00555938123752495,0.0854
3.200000000000002,0.003746506986027944,0.0588
3.2500000000000018,0.0024087824351297403,0.0394
3.300000000000002,0.001496806387225549,0.0236
3.3500000000000023,0.0009362275449101797,0.0152
3.400000000000002,0.0005308383233532934,0.0084
3.450000000000002,0.00030149700598802395,0.0052
3.500000000000002,0.00019510978043912175,0.0034
3.5500000000000025,3.3333333333333335e-05,0.0008
3.6000000000000023,2.80439121756487e-05,0.0004
3.650000000000002,1.467065868263473e-05,0.0002
3.7000000000000024,0.0,0.0
