SNR,BER,FER
1.0,0.1300680638722555,1.0
1.05,0.12861487025948104,1.0
1.1,0.12718173652694612,1.0
1.1500000000000001,0.1257197604790419,1.0
1.2000000000000002,0.12425199600798403,1.0
1.2500000000000002,0.122762375249501,1.0
1.3000000000000003,0.12127994011976048,1.0
1.3500000000000003,0.11978642714570858,1.0
1.4000000000000004,0.11824101796407185,1.0
1.4500000000000004,0.11669860279441117,1.0
1.5000000000000004,0.11515439121756486,1.0
1.5500000000000005,0.11356177644710579,1.0
1.6000000000000005,0.11195558882235529,1.0
1.6500000000000006,0.11029231536926147,1.0
1.7000000000000006,0.1086317365269461,1.0
1.7500000000000007,0.10694760479041916,1.0
1.8000000000000007,0.1051690618762475,1.0
1.8500000000000008,0.10336217564870259,0.9996
1.9000000000000008,0.10148902195608782,0.9996
1.9500000000000008,0.09949121756487025,0.9996
2.000000000000001,0.09742924151696607,0.9994
2.0500000000000007,0.09513842315369261,0.998
2.100000000000001,0.09265588822355289,0.9964
2.1500000000000012,0.0899562874251497,0.9926
2.200000000000001,0.08694670658682635,0.9856
2.250000000000001,0.08341117764471058,0.9748
2.300000000000001,0.0795375249500998,0.9564
2.3500000000000014,0.07537694610778443,0.9354
2.4000000000000012,0.07043203592814372,0.9028
2.450000000000001,0.06477295409181637,0.8564
2.5000000000000013,0.05902315369261477,0.8064
2.5500000000000016,0.052298602794411175,0.7412
2.6000000000000014,0.04540568862275449,0.6618
2.6500000000000012,0.03870259481037924,0.5848
2.7000000000000015,0.03239670658682635,0.5068
2.7500000000000018,0.02595668662674651,0.4216
2.8000000000000016,0.020184231536926146,0.3374
2.8500000000000014,0.01569131736526946,0.2652
2.9000000000000017,0.011672654690618763,0.2074
2.950000000000002,0.00852125748502994,0.156
3.0000000000000018,0.006037824351297405,0.1146
3.0500000000000016,0.004022455089820359,0.0816
3.100000000000002,0.002557185628742515,0.0584
3.150000000000002,0.0016063872255489022,0.0396
3.200000000000002,0.0009085828343313373,0.027
3.2500000000000018,0.0005452095808383234,0.0202
3.300000000000002,0.00037714570858283434,0.0162
3.3500000000000023,0.0002500998003992016,0.013
3.400000000000002,0.00010568862275449102,0.0096
3.450000000000002,5.60878243512974e-05,0.009
3.500000000000002,4.2115768463073854e-05,0.0078
3.5500000000000025,1.9161676646706586e-05,0.0066
3.6000000000000023,1.9560878243512974e-05,0.0064
3.650000000000002,1.6067864271457086e-05,0.0062
3.7000000000000024,1.3273453093812376e-05,0.0056
3.7500000000000027,1.1976047904191617e-05,0.0054
3.8000000000000025,1.187624750499002e-05,0.0048
3.8500000000000023,8.882235528942116e-06,0.004
3.9000000000000026,8.882235528942116e-06,0.0038
3.950000000000003,7.2854291417165665e-06,0.0034
4.000000000000003,6.3872255489021955e-06,0.003
4.0500000000000025,6.0878243512974054e-06,0.0028
4.100000000000003,4.890219560878244e-06,0.0024
4.150000000000003,5.4890219560878245e-06,0.0024
4.200000000000003,3.592814371257485e-06,0.0018
4.250000000000003,3.1936127744510977e-06,0.0016
4.3000000000000025,3.1936127744510977e-06,0.0016
4.350000000000003,2.9940119760479042e-06,0.0016
4.400000000000003,2.7944111776447107e-06,0.0014
4.450000000000003,2.3952095808383233e-06,0.0012
4.5000000000000036,1.9960079840319363e-06,0.001
4.550000000000003,1.5968063872255489e-06,0.0008
4.600000000000003,1.5968063872255489e-06,0.0008
4.650000000000003,1.5968063872255489e-06,0.0008
4.700000000000003,1.2974051896207584e-06,0.0008
4.7500000000000036,1.1976047904191617e-06,0.0006
4.800000000000003,1.1976047904191617e-06,0.0006
4.850000000000003,1.1976047904191617e-06,0.0006
4.900000000000004,1.1976047904191617e-06,0.0006
4.950000000000004,1.1976047904191617e-06,0.0006
