SNR,BER,FER
0.0,0.1478246,0.9962
0.05,0.1447853,0.994
0.1,0.1412181,0.987
0.15000000000000002,0.1372685,0.9786
0.2,0.1326411,0.964
0.25,0.1271869,0.9438
0.30000000000000004,0.1211986,0.9192
0.35000000000000003,0.1143333,0.886
0.4,0.1062964,0.8416
0.45,0.0967381,0.7844
0.5,0.0877708,0.7258
0.55,0.0772909,0.6556
0.6000000000000001,0.0669651,0.579
0.65,0.0577665,0.506
0.7000000000000001,0.048331,0.4372
0.75,0.0394766,0.365
0.8,0.0311287,0.2964
0.8500000000000001,0.0241365,0.2334
0.9,0.018395,0.1824
0.9500000000000001,0.0134676,0.1384
1.0,0.0094668,0.1012
1.05,0.0068544,0.079
1.1,0.0046502,0.0592
1.1500000000000001,0.0032887,0.0466
1.2000000000000002,0.0022318,0.0338
1.25,0.0015521,0.028
1.3,0.0008279,0.0208
1.35,0.0005512,0.0176
1.4000000000000001,0.0003733,0.0152
1.4500000000000002,0.000246,0.0134
1.5,0.0001207,0.0124
1.55,0.0001014,0.0116
1.6,9.26e-05,0.01
1.6500000000000001,6.43e-05,0.0084
1.7000000000000002,5.09e-05,0.0082
1.75,3.06e-05,0.0078
1.8,4.44e-05,0.0074
1.85,1.71e-05,0.007
1.9000000000000001,3.02e-05,0.0068
1.9500000000000002,2.77e-05,0.0068
2.0,3.2e-05,0.0062
2.0500000000000003,1.62e-05,0.006
2.1,1.34e-05,0.006
2.15,1.69e-05,0.0058
2.2,1.3e-05,0.0056
2.25,1.23e-05,0.0054
2.3000000000000003,1.23e-05,0.0052
2.35,1.15e-05,0.005
2.4000000000000004,1.12e-05,0.0048
2.45,1.04e-05,0.0046
2.5,9.5e-06,0.0044
2.5500000000000003,9.2e-06,0.0042
2.6,7.9e-06,0.0038
2.6500000000000004,7.7e-06,0.0038
2.7,6.3e-06,0.0032
2.75,6e-06,0.003
2.8000000000000003,5.2e-06,0.0026
2.85,5.2e-06,0.0026
2.9000000000000004,5.2e-06,0.0026
2.95,4.8e-06,0.0024
3.0,4.8e-06,0.0024
3.0500000000000003,4.5e-06,0.0024
3.1,4.4e-06,0.0022
3.1500000000000004,4.4e-06,0.0022
3.2,4e-06,0.002
3.25,3.6e-06,0.0018
3.3000000000000003,3.2e-06,0.0016
3.35,3.2e-06,0.0016
3.4000000000000004,3.2e-06,0.0016
3.45,3.2e-06,0.0016
3.5,3.2e-06,0.0016
3.5500000000000003,3.2e-06,0.0016
3.6,3.2e-06,0.0016
3.6500000000000004,3.2e-06,0.0016
3.7,2.8e-06,0.0014
3.75,2.8e-06,0.0014
3.8000000000000003,2.6e-06,0.0014
3.85,2.2e-06,0.0012
3.9000000000000004,1.6e-06,0.0008
3.95,1.5e-06,0.0008
