SNR,BER,FER
1.0,0.13015948103792416,1.0
1.05,0.12869231536926148,1.0
1.1,0.1272124750499002,1.0
1.1500000000000001,0.12574031936127744,1.0
1.2000000000000002,0.12423163672654691,1.0
1.2500000000000002,0.12272954091816367,1.0
1.3000000000000003,0.12120598802395209,1.0
1.3500000000000003,0.1196374251497006,1.0
1.4000000000000004,0.11806566866267465,1.0
1.4500000000000004,0.11648912175648703,1.0
1.5000000000000004,0.11488692614770458,1.0
1.5500000000000005,0.11325648702594811,1.0
1.6000000000000005,0.1116249500998004,1.0
1.6500000000000006,0.10996816367265469,1.0
1.7000000000000006,0.1082437125748503,1.0
1.7500000000000007,0.10647774451097805,1.0
1.8000000000000007,0.10472195608782435,1.0
1.8500000000000008,0.10287914171656687,1.0
1.9000000000000008,0.10099690618762475,0.9998
1.9500000000000008,0.09900279441117764,0.9996
2.000000000000001,0.09691177644710579,0.9996
2.0500000000000007,0.09469141716566866,0.9984
2.100000000000001,0.09225698602794412,0.9958
2.1500000000000012,0.08963522954091817,0.993
2.200000000000001,0.08677365269461078,0.988
2.250000000000001,0.08356876247504991,0.9796
2.300000000000001,0.08013592814371258,0.9672
2.3500000000000014,0.07605978043912176,0.9498
2.4000000000000012,0.07164111776447106,0.9256
2.450000000000001,0.06634830339321357,0.8846
2.5000000000000013,0.06077165668662675,0.8374
2.5500000000000016,0.05521656686626746,0.786
2.6000000000000014,0.049013173652694614,0.721
2.6500000000000012,0.04246067864271457,0.6478
2.7000000000000015,0.03591626746506986,0.5698
2.7500000000000018,0.029972255489021955,0.4888
2.8000000000000016,0.024454690618762476,0.414
2.8500000000000014,0.019655389221556886,0.3458
2.9000000000000017,0.015296606786427146,0.2808
2.950000000000002,0.011499401197604791,0.2202
3.0000000000000018,0.0082687624750499,0.1692
3.0500000000000016,0.005711477045908184,0.1232
3.100000000000002,0.003988622754491018,0.0932
3.150000000000002,0.002660678642714571,0.0676
3.200000000000002,0.001759880239520958,0.05
3.2500000000000018,0.0011412175648702594,0.0372
3.300000000000002,0.0006706586826347305,0.0288
3.3500000000000023,0.0004150698602794411,0.0216
3.400000000000002,0.00022914171656686626,0.0172
3.450000000000002,0.00016936127744510978,0.0154
3.500000000000002,9.590818363273452e-05,0.0112
3.5500000000000025,6.996007984031936e-05,0.0104
3.6000000000000023,6.407185628742515e-05,0.0092
3.650000000000002,4.4510978043912174e-05,0.0084
3.7000000000000024,4.750499001996008e-05,0.0074
3.7500000000000027,3.9221556886227544e-05,0.0068
3.8000000000000025,3.2035928143712576e-05,0.0058
3.8500000000000023,3.373253493013972e-05,0.0058
3.9000000000000026,2.844311377245509e-05,0.0052
3.950000000000003,2.255489021956088e-05,0.005
4.000000000000003,1.7964071856287426e-05,0.0044
4.0500000000000025,6.317365269461077e-05,0.0044
4.100000000000003,2.155688622754491e-05,0.0038
4.150000000000003,1.9161676646706586e-05,0.0036
4.200000000000003,1.536926147704591e-05,0.003
4.250000000000003,2.9141716566866266e-05,0.0026
4.3000000000000025,4.510978043912176e-05,0.0024
4.350000000000003,2.714570858283433e-05,0.0016
4.400000000000003,3.992015968063873e-06,0.001
4.450000000000003,3.493013972055888e-06,0.001
4.5000000000000036,1.1976047904191617e-05,0.001
4.550000000000003,2.944111776447106e-05,0.001
4.600000000000003,2.4950099800399203e-06,0.0008
4.650000000000003,2.3952095808383233e-06,0.0006
4.700000000000003,2.3952095808383233e-06,0.0006
4.7500000000000036,2.3952095808383233e-06,0.0006
4.800000000000003,2.3952095808383233e-06,0.0006
4.850000000000003,2.3952095808383233e-06,0.0006
4.900000000000004,1.8962075848303393e-06,0.0006
4.950000000000004,1.1976047904191617e-06,0.0004
