SNR,BER,FER
1.0,0.13079091816367266,1.0
1.05,0.12937375249500999,1.0
1.1,0.127975748502994,1.0
1.1500000000000001,0.1265619760479042,1.0
1.2000000000000002,0.12516656686626745,1.0
1.2500000000000002,0.12379111776447106,1.0
1.3000000000000003,0.12237744510978044,1.0
1.3500000000000003,0.12096087824351297,1.0
1.4000000000000004,0.11955249500998004,1.0
1.4500000000000004,0.1181248502994012,1.0
1.5000000000000004,0.11671107784431138,1.0
1.5500000000000005,0.11529730538922156,1.0
1.6000000000000005,0.11387495009980039,1.0
1.6500000000000006,0.11243792415169661,1.0
1.7000000000000006,0.11099491017964072,1.0
1.7500000000000007,0.10955548902195608,1.0
1.8000000000000007,0.10810518962075848,1.0
1.8500000000000008,0.1066193612774451,1.0
1.9000000000000008,0.10509481037924151,1.0
1.9500000000000008,0.10357125748502995,1.0
2.000000000000001,0.1019690618762475,1.0
2.0500000000000007,0.10032195608782435,1.0
2.100000000000001,0.0985868263473054,0.9992
2.1500000000000012,0.09681796407185629,0.9986
2.200000000000001,0.09481516966067864,0.9966
2.250000000000001,0.09259111776447106,0.9938
2.300000000000001,0.09014920159680638,0.9886
2.3500000000000014,0.08750838323353294,0.983
2.4000000000000012,0.08436147704590818,0.9704
2.450000000000001,0.08084181636726546,0.9546
2.5000000000000013,0.07666467065868264,0.9282
2.5500000000000016,0.07179500998003992,0.8928
2.6000000000000014,0.06633512974051896,0.8458
2.6500000000000012,0.060355389221556886,0.7878
2.7000000000000015,0.054014570858283435,0.7214
2.7500000000000018,0.04723632734530938,0.6472
2.8000000000000016,0.040482734530938126,0.5624
2.8500000000000014,0.03418612774451098,0.4828
2.9000000000000017,0.027355089820359283,0.3924
2.950000000000002,0.02145369261477046,0.3132
3.0000000000000018,0.016305389221556887,0.239
3.0500000000000016,0.012326147704590819,0.1824
3.100000000000002,0.009006786427145709,0.1354
3.150000000000002,0.006303892215568862,0.0962
3.200000000000002,0.004415868263473054,0.068
3.2500000000000018,0.0029466067864271457,0.0458
3.300000000000002,0.001784630738522954,0.0278
3.3500000000000023,0.0011955089820359281,0.0194
3.400000000000002,0.0006902195608782435,0.0112
3.450000000000002,0.0003684630738522954,0.0066
3.500000000000002,0.00019540918163672656,0.0034
3.5500000000000025,8.922155688622754e-05,0.0014
3.6000000000000023,2.3253493013972057e-05,0.0006
3.650000000000002,6.4870259481037925e-06,0.0002
3.7000000000000024,0.0,0.0
