SNR,BER,FER
1.0,0.1307944111776447,1.0
1.05,0.12939650698602795,1.0
1.1,0.12800159680638723,1.0
1.1500000000000001,0.1266188622754491,1.0
1.2000000000000002,0.12521766467065867,1.0
1.2500000000000002,0.1238054890219561,1.0
1.3000000000000003,0.12239171656686627,1.0
1.3500000000000003,0.1210060878243513,1.0
1.4000000000000004,0.11959900199600798,1.0
1.4500000000000004,0.11819151696606786,1.0
1.5000000000000004,0.11678842315369262,1.0
1.5500000000000005,0.11536497005988024,1.0
1.6000000000000005,0.11392894211576847,1.0
1.6500000000000006,0.11250089820359281,1.0
1.7000000000000006,0.11105768463073852,1.0
1.7500000000000007,0.10957694610778443,1.0
1.8000000000000007,0.10807964071856288,1.0
1.8500000000000008,0.10657115768463074,1.0
1.9000000000000008,0.10503582834331338,1.0
1.9500000000000008,0.10346566866267465,1.0
2.000000000000001,0.10186117764471057,1.0
2.0500000000000007,0.10016027944111776,0.9998
2.100000000000001,0.09840229540918163,0.9996
2.1500000000000012,0.09650389221556886,0.9982
2.200000000000001,0.09450708582834332,0.997
2.250000000000001,0.09228013972055889,0.9948
2.300000000000001,0.0898182634730539,0.9894
2.3500000000000014,0.08704760479041916,0.982
2.4000000000000012,0.08390359281437126,0.9716
2.450000000000001,0.08042435129740519,0.9546
2.5000000000000013,0.07616417165668662,0.9276
2.5500000000000016,0.07128443113772455,0.8908
2.6000000000000014,0.06589710578842316,0.8422
2.6500000000000012,0.059970459081836326,0.7878
2.7000000000000015,0.053311077844311376,0.7172
2.7500000000000018,0.0464750499001996,0.638
2.8000000000000016,0.039847205588822356,0.5602
2.8500000000000014,0.032796706586826346,0.4668
2.9000000000000017,0.026570958083832336,0.3838
2.950000000000002,0.021060678642714572,0.3104
3.0000000000000018,0.016067564870259482,0.2384
3.0500000000000016,0.011903992015968064,0.181
3.100000000000002,0.008618562874251497,0.1328
3.150000000000002,0.0059169660678642716,0.0906
3.200000000000002,0.0039452095808383235,0.0602
3.2500000000000018,0.0028958083832335327,0.0448
3.300000000000002,0.0018342315369261476,0.0286
3.3500000000000023,0.0010055888223552895,0.0158
3.400000000000002,0.0005754491017964071,0.009
3.450000000000002,0.00038922155688622754,0.0058
3.500000000000002,0.00018253493013972055,0.0028
3.5500000000000025,8.802395209580838e-05,0.0012
3.6000000000000023,5.0499001996007986e-05,0.0008
3.650000000000002,5.698602794411178e-05,0.0008
3.7000000000000024,1.8662674650698603e-05,0.0004
3.7500000000000027,1.0179640718562875e-05,0.0004
3.8000000000000025,9.281437125748502e-06,0.0004
3.8500000000000023,7.984031936127744e-07,0.0002
3.9000000000000026,6.986027944111777e-07,0.0002
3.950000000000003,0.0,0.0
