SNR,BER,FER
1.0,0.1302743512974052,1.0
1.05,0.12882265469061877,1.0
1.1,0.12735369261477045,1.0
1.1500000000000001,0.12589041916167665,1.0
1.2000000000000002,0.12440149700598803,1.0
1.2500000000000002,0.12290419161676647,1.0
1.3000000000000003,0.12140758483033932,1.0
1.3500000000000003,0.11990778443113773,1.0
1.4000000000000004,0.11837934131736527,1.0
1.4500000000000004,0.1168062874251497,1.0
1.5000000000000004,0.11524391217564871,1.0
1.5500000000000005,0.11364840319361277,1.0
1.6000000000000005,0.11203522954091816,1.0
1.6500000000000006,0.11042025948103792,1.0
1.7000000000000006,0.10875868263473054,1.0
1.7500000000000007,0.10708193612774451,1.0
1.8000000000000007,0.10527564870259482,0.9998
1.8500000000000008,0.10345508982035928,0.9994
1.9000000000000008,0.101575249500998,0.9992
1.9500000000000008,0.09954710578842316,0.9988
2.000000000000001,0.09735558882235529,0.9978
2.0500000000000007,0.09498333333333334,0.9958
2.100000000000001,0.0924619760479042,0.994
2.1500000000000012,0.08969710578842316,0.9904
2.200000000000001,0.08652055888223553,0.9822
2.250000000000001,0.08284241516966068,0.9702
2.300000000000001,0.0785999001996008,0.9492
2.3500000000000014,0.07381506986027944,0.9198
2.4000000000000012,0.06867694610778444,0.8854
2.450000000000001,0.06273882235528942,0.8344
2.5000000000000013,0.05644131736526946,0.7782
2.5500000000000016,0.04971746506986028,0.7068
2.6000000000000014,0.04267834331337325,0.6232
2.6500000000000012,0.03578383233532934,0.5382
2.7000000000000015,0.029581437125748504,0.4562
2.7500000000000018,0.023802794411177646,0.3762
2.8000000000000016,0.018491117764471057,0.303
2.8500000000000014,0.014061477045908183,0.2328
2.9000000000000017,0.010201297405189621,0.176
2.950000000000002,0.007223852295409182,0.1292
3.0000000000000018,0.004955189620758483,0.0912
3.0500000000000016,0.0033002994011976047,0.062
3.100000000000002,0.002216367265469062,0.0438
3.150000000000002,0.0015045908183632735,0.0308
3.200000000000002,0.0009749500998003992,0.0206
3.2500000000000018,0.0005446107784431137,0.014
3.300000000000002,0.00032025948103792416,0.0088
3.3500000000000023,0.00019161676646706587,0.006
3.400000000000002,0.00012385229540918163,0.0044
3.450000000000002,8.892215568862276e-05,0.0032
3.500000000000002,3.852295409181637e-05,0.0022
3.5500000000000025,1.2075848303393214e-05,0.001
3.6000000000000023,1.5469061876247504e-05,0.001
3.650000000000002,1.816367265469062e-05,0.0006
3.7000000000000024,7.18562874251497e-06,0.0008
3.7500000000000027,1.1576846307385229e-05,0.0004
3.8000000000000025,2.0858283433133733e-05,0.0008
3.8500000000000023,1.836327345309381e-05,0.0006
3.9000000000000026,2.7944111776447107e-06,0.0008
3.950000000000003,3.0439121756487025e-05,0.0006
4.000000000000003,1.1776447105788423e-05,0.0006
4.0500000000000025,1.6367265469061875e-05,0.0006
4.100000000000003,4.39121756487026e-06,0.0002
4.150000000000003,0.0,0.0
