SNR,BER,FER
0.0,0.1546329,0.9998
0.05,0.1524951,0.9984
0.1,0.1502811,0.9974
0.15000000000000002,0.1477923,0.995
0.2,0.1449867,0.9912
0.25,0.1416681,0.9852
0.30000000000000004,0.1380888,0.9772
0.35000000000000003,0.1337306,0.9634
0.4,0.1284284,0.9404
0.45,0.1228965,0.9164
0.5,0.1158997,0.8792
0.55,0.1081101,0.8364
0.6000000000000001,0.0992361,0.7796
0.65,0.0899639,0.7202
0.7000000000000001,0.0803518,0.65
0.75,0.0711309,0.5852
0.8,0.0606614,0.5072
0.8500000000000001,0.0512948,0.434
0.9,0.0425739,0.3636
0.9500000000000001,0.0342906,0.2978
1.0,0.0267517,0.235
1.05,0.0206837,0.1838
1.1,0.0155011,0.1358
1.1500000000000001,0.0113042,0.1032
1.2000000000000002,0.0081445,0.0742
1.25,0.0055448,0.0508
1.3,0.0034246,0.0314
1.35,0.0022365,0.0202
1.4000000000000001,0.001337,0.0122
1.4500000000000002,0.0007249,0.007
1.5,0.0003908,0.0034
1.55,0.0002052,0.0018
1.6,9.41e-05,0.0008
1.6500000000000001,8.15e-05,0.0008
1.7000000000000002,2.69e-05,0.0002
1.75,2.32e-05,0.0002
1.8,0.0,0.0
