SNR,BER,FER
0.0,0.148109,0.9966
0.05,0.1451553,0.9932
0.1,0.1419822,0.9876
0.15000000000000002,0.1384364,0.9804
0.2,0.1342004,0.9702
0.25,0.1291334,0.9534
0.30000000000000004,0.1234352,0.9312
0.35000000000000003,0.11684,0.8972
0.4,0.1091103,0.853
0.45,0.1008336,0.8036
0.5,0.0919863,0.7472
0.55,0.0829653,0.6852
0.6000000000000001,0.0739496,0.6196
0.65,0.064232,0.5484
0.7000000000000001,0.0549238,0.4782
0.75,0.0463014,0.4088
0.8,0.0375102,0.3378
0.8500000000000001,0.0295178,0.2674
0.9,0.0230899,0.2128
0.9500000000000001,0.0170918,0.16
1.0,0.0125351,0.121
1.05,0.0089708,0.0862
1.1,0.0057425,0.0568
1.1500000000000001,0.0038504,0.0392
1.2000000000000002,0.0025825,0.0272
1.25,0.0016169,0.0172
1.3,0.00124,0.0128
1.35,0.000746,0.0088
1.4000000000000001,0.0004655,0.0064
1.4500000000000002,0.000217,0.0038
1.5,0.0001923,0.003
1.55,8.9e-05,0.0026
1.6,2.84e-05,0.0012
1.6500000000000001,7.29e-05,0.0016
1.7000000000000002,1.96e-05,0.0014
1.75,2.16e-05,0.001
1.8,1.99e-05,0.001
1.85,7.5e-06,0.0012
1.9000000000000001,3e-06,0.0006
1.9500000000000002,1.7e-06,0.0004
2.0,6.31e-05,0.0006
2.0500000000000003,2.2e-06,0.0006
2.1,1.7e-06,0.0004
2.15,1.24e-05,0.0004
2.2,4.3e-06,0.0006
2.25,6e-07,0.0002
2.3000000000000003,3.95e-05,0.0004
2.35,7.09e-05,0.0004
2.4000000000000004,2.55e-05,0.0002
2.45,0.0,0.0
