SNR,BER,FER
1.0,0.13026337325349302,1.0
1.05,0.12882245508982035,1.0
1.1,0.12738033932135728,1.0
1.1500000000000001,0.12591506986027945,1.0
1.2000000000000002,0.12443433133732534,1.0
1.2500000000000002,0.12296487025948104,1.0
1.3000000000000003,0.12146736526946107,1.0
1.3500000000000003,0.11997045908183633,1.0
1.4000000000000004,0.11846437125748503,1.0
1.4500000000000004,0.11692265469061876,1.0
1.5000000000000004,0.1153375249500998,1.0
1.5500000000000005,0.11373652694610778,1.0
1.6000000000000005,0.11212165668662674,1.0
1.6500000000000006,0.11047405189620758,1.0
1.7000000000000006,0.10878972055888224,1.0
1.7500000000000007,0.10703892215568862,1.0
1.8000000000000007,0.10524930139720559,1.0
1.8500000000000008,0.10337325349301398,1.0
1.9000000000000008,0.1013994011976048,0.9994
1.9500000000000008,0.09934980039920159,0.9992
2.000000000000001,0.09716706586826347,0.9988
2.0500000000000007,0.0948251497005988,0.998
2.100000000000001,0.09224471057884231,0.9938
2.1500000000000012,0.08944610778443114,0.989
2.200000000000001,0.08621826347305389,0.98
2.250000000000001,0.08249530938123753,0.966
2.300000000000001,0.07846696606786427,0.9474
2.3500000000000014,0.07374620758483034,0.9194
2.4000000000000012,0.06827125748502993,0.8812
2.450000000000001,0.0623185628742515,0.827
2.5000000000000013,0.05597554890219561,0.7694
2.5500000000000016,0.04959461077844311,0.7018
2.6000000000000014,0.04295778443113772,0.6286
2.6500000000000012,0.03643622754491018,0.5448
2.7000000000000015,0.03020239520958084,0.4644
2.7500000000000018,0.024125948103792417,0.381
2.8000000000000016,0.01890878243512974,0.3086
2.8500000000000014,0.014341317365269462,0.2406
2.9000000000000017,0.010610678642714571,0.1816
2.950000000000002,0.007940818363273454,0.1404
3.0000000000000018,0.005495309381237525,0.1016
3.0500000000000016,0.0036347305389221557,0.068
3.100000000000002,0.002381137724550898,0.0454
3.150000000000002,0.001570059880239521,0.0302
3.200000000000002,0.000981437125748503,0.0194
3.2500000000000018,0.0005165668662674651,0.011
3.300000000000002,0.00030738522954091815,0.0072
3.3500000000000023,0.0002067864271457086,0.0052
3.400000000000002,0.0001251497005988024,0.0034
3.450000000000002,3.473053892215569e-05,0.002
3.500000000000002,3.912175648702595e-05,0.0022
3.5500000000000025,2.5848303393213575e-05,0.0014
3.6000000000000023,9.880239520958084e-06,0.001
3.650000000000002,7.18562874251497e-06,0.0006
3.7000000000000024,3.6926147704590817e-06,0.0008
3.7500000000000027,4.590818363273453e-06,0.0006
3.8000000000000025,1.1976047904191617e-06,0.0004
3.8500000000000023,2.3952095808383233e-06,0.0006
3.9000000000000026,1.3972055888223554e-06,0.0004
3.950000000000003,1.2974051896207584e-06,0.0004
4.000000000000003,1.8962075848303393e-06,0.0004
4.0500000000000025,5.988023952095808e-07,0.0002
4.100000000000003,1.5968063872255489e-06,0.0004
4.150000000000003,8.982035928143713e-07,0.0004
4.200000000000003,5.988023952095808e-07,0.0002
4.250000000000003,5.988023952095808e-07,0.0002
4.3000000000000025,5.988023952095808e-07,0.0002
4.350000000000003,0.0,0.0
