SNR,BER,FER
0.0,0.1540214,0.9998
0.05,0.1520567,0.9992
0.1,0.1499501,0.9978
0.15000000000000002,0.14784,0.9978
0.2,0.145599,0.9966
0.25,0.1432126,0.995
0.30000000000000004,0.1405274,0.9914
0.35000000000000003,0.1377924,0.9888
0.4,0.1344313,0.984
0.45,0.1303363,0.9724
0.5,0.125871,0.9598
0.55,0.1209231,0.9394
0.6000000000000001,0.1155955,0.9184
0.65,0.1091051,0.8888
0.7000000000000001,0.1020227,0.8548
0.75,0.0947682,0.8094
0.8,0.0862378,0.761
0.8500000000000001,0.0777743,0.7024
0.9,0.0690881,0.6446
0.9500000000000001,0.0600463,0.5814
1.0,0.0517624,0.5188
1.05,0.0439011,0.4562
1.1,0.0371175,0.4016
1.1500000000000001,0.0306454,0.3444
1.2000000000000002,0.024611,0.297
1.25,0.020088,0.2506
1.3,0.0160019,0.2142
1.35,0.0122944,0.181
1.4000000000000001,0.0097149,0.1522
1.4500000000000002,0.0073494,0.1306
1.5,0.0056826,0.1104
1.55,0.0037041,0.0896
1.6,0.0031926,0.0782
1.6500000000000001,0.0023036,0.0664
1.7000000000000002,0.0018364,0.0586
1.75,0.0013714,0.0542
1.8,0.0011564,0.0478
1.85,0.0007426,0.0404
1.9000000000000001,0.0006666,0.0362
1.9500000000000002,0.0004548,0.0322
2.0,0.0003415,0.0278
2.0500000000000003,0.0003189,0.0258
2.1,0.0004421,0.0242
2.15,0.0004152,0.021
2.2,0.0004037,0.02
2.25,0.0003521,0.0178
2.3000000000000003,0.0001528,0.014
2.35,9.26e-05,0.014
2.4000000000000004,0.0002896,0.0138
2.45,0.0002091,0.0114
2.5,0.0001405,0.0102
2.5500000000000003,0.0001501,0.0094
2.6,0.0001126,0.0078
2.6500000000000004,9.46e-05,0.0068
2.7,0.0001461,0.0068
2.75,6.89e-05,0.006
2.8000000000000003,3.94e-05,0.006
2.85,0.0001235,0.0052
2.9000000000000004,7.09e-05,0.0052
2.95,7.85e-05,0.0046
3.0,3.77e-05,0.0042
3.0500000000000003,3.2e-05,0.0032
3.1,4e-05,0.003
3.1500000000000004,6.47e-05,0.0032
3.2,1.15e-05,0.002
3.25,3.65e-05,0.0016
3.3000000000000003,2.63e-05,0.0016
3.35,1.53e-05,0.0018
3.4000000000000004,5e-06,0.001
3.45,5.8e-06,0.0012
3.5,4e-06,0.0008
3.5500000000000003,4e-06,0.0008
3.6,5e-06,0.001
3.6500000000000004,2e-06,0.0004
3.7,3.28e-05,0.0006
3.75,1.5e-06,0.0004
3.8000000000000003,1e-06,0.0002
3.85,0.0,0.0
