SNR,BER,FER
1.0,0.13091407185628742,1.0
1.05,0.12950928143712576,1.0
1.1,0.12812385229540918,1.0
1.1500000000000001,0.1267315369261477,1.0
1.2000000000000002,0.125338123752495,1.0
1.2500000000000002,0.12393013972055889,1.0
1.3000000000000003,0.12253273453093812,1.0
1.3500000000000003,0.12111686626746507,1.0
1.4000000000000004,0.11972065868263473,1.0
1.4500000000000004,0.11831357285429142,1.0
1.5000000000000004,0.1169062874251497,1.0
1.5500000000000005,0.11548473053892215,1.0
1.6000000000000005,0.11406347305389221,1.0
1.6500000000000006,0.11262255489021956,1.0
1.7000000000000006,0.11117764471057884,1.0
1.7500000000000007,0.10971506986027944,1.0
1.8000000000000007,0.10826497005988024,1.0
1.8500000000000008,0.10677345309381238,1.0
1.9000000000000008,0.10525588822355289,1.0
1.9500000000000008,0.10370708582834332,1.0
2.000000000000001,0.10212834331337325,1.0
2.0500000000000007,0.10043662674650698,1.0
2.100000000000001,0.09863882235528942,0.9994
2.1500000000000012,0.09676996007984032,0.9988
2.200000000000001,0.09471766467065869,0.9978
2.250000000000001,0.0925061876247505,0.996
2.300000000000001,0.09003582834331338,0.9916
2.3500000000000014,0.08725289421157685,0.9836
2.4000000000000012,0.08403233532934132,0.9724
2.450000000000001,0.08029121756487026,0.9532
2.5000000000000013,0.07597125748502993,0.9258
2.5500000000000016,0.07095439121756487,0.8882
2.6000000000000014,0.06539630738522954,0.8386
2.6500000000000012,0.059058882235528944,0.7758
2.7000000000000015,0.05279131736526946,0.7078
2.7500000000000018,0.04629650698602794,0.6356
2.8000000000000016,0.03999540918163673,0.5612
2.8500000000000014,0.03311377245508982,0.476
2.9000000000000017,0.02680878243512974,0.3878
2.950000000000002,0.021352894211576847,0.3136
3.0000000000000018,0.01666057884231537,0.248
3.0500000000000016,0.012335329341317366,0.1856
3.100000000000002,0.008990818363273452,0.1366
3.150000000000002,0.0064278443113772454,0.098
3.200000000000002,0.00424061876247505,0.0664
3.2500000000000018,0.0027694610778443113,0.0418
3.300000000000002,0.001756187624750499,0.027
3.3500000000000023,0.0010744510978043912,0.0164
3.400000000000002,0.0006086826347305389,0.009
3.450000000000002,0.00041427145708582835,0.0064
3.500000000000002,0.000175748502994012,0.0024
3.5500000000000025,0.00012644710578842315,0.002
3.6000000000000023,7.50499001996008e-05,0.0012
3.650000000000002,2.654690618762475e-05,0.0006
3.7000000000000024,1.656686626746507e-05,0.0002
3.7500000000000027,1.6966067864271457e-05,0.0002
3.8000000000000025,1.656686626746507e-05,0.0002
3.8500000000000023,1.536926147704591e-05,0.0002
3.9000000000000026,1.536926147704591e-05,0.0002
3.950000000000003,1.5169660678642715e-05,0.0002
4.000000000000003,0.0,0.0
