SNR,BER,FER
0.0,0.1460008,0.9984
0.05,0.1430155,0.9968
0.1,0.139482,0.995
0.15000000000000002,0.1357338,0.9916
0.2,0.1315187,0.9844
0.25,0.1265766,0.9756
0.30000000000000004,0.1210147,0.9628
0.35000000000000003,0.1149273,0.9458
0.4,0.108088,0.9248
0.45,0.1004675,0.9
0.5,0.0916059,0.8624
0.55,0.0829657,0.8188
0.6000000000000001,0.0738219,0.778
0.65,0.064954,0.7278
0.7000000000000001,0.0561777,0.6742
0.75,0.0482238,0.6166
0.8,0.0400975,0.5598
0.8500000000000001,0.0323532,0.498
0.9,0.0256696,0.4438
0.9500000000000001,0.0202541,0.393
1.0,0.0152142,0.3488
1.05,0.0116796,0.3122
1.1,0.0085353,0.2722
1.1500000000000001,0.0059055,0.2372
1.2000000000000002,0.0041849,0.2134
1.25,0.002874,0.1886
1.3,0.0020274,0.1678
1.35,0.0014392,0.1546
1.4000000000000001,0.0011826,0.1432
1.4500000000000002,0.0009253,0.1306
1.5,0.0008683,0.1192
1.55,0.0006852,0.107
1.6,0.0005808,0.0974
1.6500000000000001,0.0005321,0.0866
1.7000000000000002,0.0004897,0.0798
1.75,0.000419,0.0752
1.8,0.0003962,0.0694
1.85,0.0004347,0.0648
1.9000000000000001,0.0003538,0.0592
1.9500000000000002,0.0003462,0.0536
2.0,0.0002922,0.0502
2.0500000000000003,0.0002701,0.0442
2.1,0.0002308,0.042
2.15,0.000241,0.0374
2.2,0.0001833,0.0332
2.25,0.0001609,0.0314
2.3000000000000003,0.0002451,0.0284
2.35,0.0001241,0.0252
2.4000000000000004,0.0002006,0.0234
2.45,0.0001101,0.021
2.5,8.91e-05,0.0172
2.5500000000000003,0.0001181,0.0172
2.6,0.0001563,0.0166
2.6500000000000004,0.0001404,0.014
2.7,6.8e-05,0.0124
2.75,5.92e-05,0.0116
2.8000000000000003,5.29e-05,0.0102
2.85,4.87e-05,0.0098
2.9000000000000004,4.1e-05,0.008
2.95,5.76e-05,0.0076
3.0,5.36e-05,0.0062
3.0500000000000003,3.55e-05,0.0062
3.1,8.57e-05,0.0058
3.1500000000000004,4.23e-05,0.0044
3.2,5.17e-05,0.0048
3.25,0.0001342,0.0044
3.3000000000000003,5.18e-05,0.0038
3.35,3.47e-05,0.0032
3.4000000000000004,5.62e-05,0.0024
3.45,3.89e-05,0.003
3.5,1.14e-05,0.002
3.5500000000000003,5.9e-06,0.0012
3.6,1.26e-05,0.0018
3.6500000000000004,5.9e-06,0.0012
3.7,1.89e-05,0.001
3.75,3.9e-06,0.001
3.8000000000000003,2.65e-05,0.0008
3.85,3.4e-06,0.0008
3.9000000000000004,4.3e-06,0.001
3.95,2.31e-05,0.0008
