SNR,BER,FER
1.0,0.1302432135728543,1.0
1.05,0.12877744510978045,1.0
1.1,0.12734670658682634,1.0
1.1500000000000001,0.12588453093812374,1.0
1.2000000000000002,0.12442135728542913,1.0
1.2500000000000002,0.12293942115768464,1.0
1.3000000000000003,0.12144650698602795,1.0
1.3500000000000003,0.1199442115768463,1.0
1.4000000000000004,0.118412874251497,1.0
1.4500000000000004,0.11687005988023952,1.0
1.5000000000000004,0.1153001996007984,1.0
1.5500000000000005,0.11370708582834331,1.0
1.6000000000000005,0.1120685628742515,1.0
1.6500000000000006,0.11041746506986028,1.0
1.7000000000000006,0.10877365269461078,1.0
1.7500000000000007,0.1070502994011976,1.0
1.8000000000000007,0.10530708582834332,1.0
1.8500000000000008,0.10345159680638723,1.0
1.9000000000000008,0.10148912175648703,1.0
1.9500000000000008,0.09944820359281437,0.9994
2.000000000000001,0.09719051896207585,0.9984
2.0500000000000007,0.09479251497005987,0.9966
2.100000000000001,0.09224221556886228,0.9938
2.1500000000000012,0.08931107784431137,0.9868
2.200000000000001,0.08599850299401197,0.979
2.250000000000001,0.08217285429141717,0.9636
2.300000000000001,0.07801137724550898,0.9426
2.3500000000000014,0.07348552894211577,0.9172
2.4000000000000012,0.06814710578842316,0.8778
2.450000000000001,0.062460179640718566,0.8294
2.5000000000000013,0.05630389221556886,0.7728
2.5500000000000016,0.04943053892215569,0.6994
2.6000000000000014,0.04269481037924152,0.6228
2.6500000000000012,0.03613612774451098,0.5456
2.7000000000000015,0.029593213572854292,0.4556
2.7500000000000018,0.02380429141716567,0.3756
2.8000000000000016,0.018483832335329343,0.3036
2.8500000000000014,0.014165768463073852,0.2376
2.9000000000000017,0.010487924151696608,0.18
2.950000000000002,0.0074142714570858284,0.1324
3.0000000000000018,0.004937824351297406,0.0916
3.0500000000000016,0.0032187624750499,0.0646
3.100000000000002,0.0021320359281437125,0.0448
3.150000000000002,0.001302994011976048,0.0282
3.200000000000002,0.0008145708582834332,0.0196
3.2500000000000018,0.00047255489021956086,0.0114
3.300000000000002,0.00028003992015968065,0.0078
3.3500000000000023,0.0001721556886227545,0.0056
3.400000000000002,6.0778443113772454e-05,0.0032
3.450000000000002,3.313373253493014e-05,0.0026
3.500000000000002,3.3333333333333335e-05,0.0022
3.5500000000000025,2.4151696606786428e-05,0.0016
3.6000000000000023,2.1357285429141716e-05,0.0016
3.650000000000002,8.08383233532934e-06,0.001
3.7000000000000024,3.1337325349301396e-05,0.0012
3.7500000000000027,3.7624750499002e-05,0.0012
3.8000000000000025,5.129740518962076e-05,0.0012
3.8500000000000023,2.0758483033932134e-05,0.0006
3.9000000000000026,4.161676646706587e-05,0.0008
3.950000000000003,1.536926147704591e-05,0.0006
4.000000000000003,2.50499001996008e-05,0.0006
4.0500000000000025,8.183632734530937e-06,0.0004
4.100000000000003,1.5069860279441118e-05,0.0004
4.150000000000003,6.986027944111777e-07,0.0002
4.200000000000003,6.986027944111777e-07,0.0002
4.250000000000003,6.986027944111777e-07,0.0002
4.3000000000000025,6.986027944111777e-07,0.0002
4.350000000000003,6.986027944111777e-07,0.0002
4.400000000000003,6.986027944111777e-07,0.0002
4.450000000000003,6.986027944111777e-07,0.0002
4.5000000000000036,6.986027944111777e-07,0.0002
4.550000000000003,6.986027944111777e-07,0.0002
4.600000000000003,6.986027944111777e-07,0.0002
4.650000000000003,6.986027944111777e-07,0.0002
4.700000000000003,6.986027944111777e-07,0.0002
4.7500000000000036,6.986027944111777e-07,0.0002
4.800000000000003,6.986027944111777e-07,0.0002
4.850000000000003,6.986027944111777e-07,0.0002
4.900000000000004,6.986027944111777e-07,0.0002
4.950000000000004,6.986027944111777e-07,0.0002
