SNR,BER,FER
1.0,0.1308941117764471,1.0
1.05,0.129475748502994,1.0
1.1,0.12806676646706586,1.0
1.1500000000000001,0.1266446107784431,1.0
1.2000000000000002,0.12522914171656688,1.0
1.2500000000000002,0.12382155688622755,1.0
1.3000000000000003,0.12239351297405189,1.0
1.3500000000000003,0.12099520958083833,1.0
1.4000000000000004,0.11958812375249502,1.0
1.4500000000000004,0.11817514970059881,1.0
1.5000000000000004,0.11676816367265469,1.0
1.5500000000000005,0.11532784431137724,1.0
1.6000000000000005,0.11389670658682635,1.0
1.6500000000000006,0.11244770459081836,1.0
1.7000000000000006,0.11098822355289421,1.0
1.7500000000000007,0.10954441117764471,1.0
1.8000000000000007,0.10805439121756487,1.0
1.8500000000000008,0.1065440119760479,1.0
1.9000000000000008,0.10502824351297405,1.0
1.9500000000000008,0.10346576846307386,1.0
2.000000000000001,0.10188303393213573,1.0
2.0500000000000007,0.10027285429141716,0.9998
2.100000000000001,0.0985503992015968,0.9994
2.1500000000000012,0.09684301397205589,0.999
2.200000000000001,0.09490698602794412,0.9984
2.250000000000001,0.09292524950099801,0.9968
2.300000000000001,0.09071766467065868,0.993
2.3500000000000014,0.08819710578842316,0.9882
2.4000000000000012,0.08548782435129741,0.9794
2.450000000000001,0.08227644710578842,0.9648
2.5000000000000013,0.07878682634730538,0.9464
2.5500000000000016,0.07471057884231537,0.9202
2.6000000000000014,0.06975209580838324,0.8794
2.6500000000000012,0.06458832335329341,0.8312
2.7000000000000015,0.05848313373253493,0.7668
2.7500000000000018,0.052244111776447104,0.6974
2.8000000000000016,0.04586586826347305,0.6228
2.8500000000000014,0.03925948103792415,0.544
2.9000000000000017,0.03310409181636727,0.4698
2.950000000000002,0.026982035928143713,0.387
3.0000000000000018,0.021362075848303394,0.3104
3.0500000000000016,0.016494411177644712,0.2414
3.100000000000002,0.012565069860279441,0.1882
3.150000000000002,0.00924001996007984,0.1384
3.200000000000002,0.006554890219560878,0.101
3.2500000000000018,0.00480938123752495,0.0736
3.300000000000002,0.0033605788423153693,0.0532
3.3500000000000023,0.0020469061876247506,0.0326
3.400000000000002,0.0014227544910179642,0.0242
3.450000000000002,0.0007276447105788424,0.0118
3.500000000000002,0.00045429141716566866,0.0076
3.5500000000000025,0.000343812375249501,0.0056
3.6000000000000023,0.00027005988023952093,0.0042
3.650000000000002,0.0001256487025948104,0.0022
3.7000000000000024,7.21556886227545e-05,0.0014
3.7500000000000027,5.8183632734530936e-05,0.001
3.8000000000000025,8.213572854291417e-05,0.001
3.8500000000000023,3.842315369261477e-05,0.0006
3.9000000000000026,1.4870259481037924e-05,0.0002
3.950000000000003,0.0,0.0
