SNR,BER,FER
0.0,0.1476651,0.996
0.05,0.1447008,0.9936
0.1,0.1411394,0.9878
0.15000000000000002,0.1368544,0.9768
0.2,0.1319667,0.9616
0.25,0.1263415,0.9396
0.30000000000000004,0.119902,0.9094
0.35000000000000003,0.1130944,0.8786
0.4,0.1046569,0.8322
0.45,0.0961937,0.782
0.5,0.0871884,0.7268
0.55,0.0773239,0.6592
0.6000000000000001,0.0678304,0.5922
0.65,0.0578721,0.5198
0.7000000000000001,0.0486984,0.454
0.75,0.0397101,0.3874
0.8,0.0318694,0.3242
0.8500000000000001,0.0243098,0.2658
0.9,0.018117,0.2122
0.9500000000000001,0.0130851,0.1686
1.0,0.0093163,0.1354
1.05,0.0065441,0.112
1.1,0.0045628,0.0924
1.1500000000000001,0.0030094,0.0788
1.2000000000000002,0.001951,0.0674
1.25,0.0013947,0.062
1.3,0.0009183,0.0564
1.35,0.0006101,0.052
1.4000000000000001,0.0004075,0.0486
1.4500000000000002,0.0003062,0.0468
1.5,0.0001482,0.0448
1.55,0.0001253,0.0438
1.6,9.75e-05,0.0436
1.6500000000000001,9.42e-05,0.0428
1.7000000000000002,4.41e-05,0.0406
1.75,4.27e-05,0.04
1.8,4.15e-05,0.0384
1.85,4.11e-05,0.0378
1.9000000000000001,3.88e-05,0.037
1.9500000000000002,3.8e-05,0.0364
2.0,3.59e-05,0.0352
2.0500000000000003,3.57e-05,0.0346
2.1,3.78e-05,0.034
2.15,3.4e-05,0.0338
2.2,4.74e-05,0.0324
2.25,3.2e-05,0.0316
2.3000000000000003,5.07e-05,0.0306
2.35,5.25e-05,0.0296
2.4000000000000004,2.86e-05,0.0288
2.45,2.78e-05,0.0282
2.5,3.49e-05,0.0272
2.5500000000000003,2.61e-05,0.0264
2.6,2.6e-05,0.0262
2.6500000000000004,2.4e-05,0.0244
2.7,2.34e-05,0.0236
2.75,2.28e-05,0.023
2.8000000000000003,2.2e-05,0.0222
2.85,2.16e-05,0.0216
2.9000000000000004,2.17e-05,0.0218
2.95,2.13e-05,0.0214
3.0,2.04e-05,0.0208
3.0500000000000003,1.98e-05,0.0202
3.1,1.89e-05,0.0192
3.1500000000000004,1.82e-05,0.0184
3.2,1.78e-05,0.0182
3.25,1.7e-05,0.0172
3.3000000000000003,1.66e-05,0.0166
3.35,1.58e-05,0.016
3.4000000000000004,1.54e-05,0.0158
3.45,1.47e-05,0.0152
3.5,1.4e-05,0.014
3.5500000000000003,1.37e-05,0.0138
3.6,1.33e-05,0.0134
3.6500000000000004,1.33e-05,0.0134
3.7,1.25e-05,0.0128
3.75,1.24e-05,0.0126
3.8000000000000003,1.22e-05,0.0122
3.85,1.21e-05,0.0122
3.9000000000000004,1.2e-05,0.012
3.95,1.19e-05,0.012
