SNR,BER,FER
0.0,0.1299584,1.0
0.05,0.1275522,1.0
0.1,0.1251387,1.0
0.15000000000000002,0.1226471,1.0
0.2,0.1200903,1.0
0.25,0.117513,0.9998
0.30000000000000004,0.114856,0.9994
0.35000000000000003,0.1121544,0.9994
0.4,0.1093308,0.999
0.45,0.1063595,0.9976
0.5,0.1033404,0.9954
0.55,0.100222,0.9932
0.6000000000000001,0.0968299,0.9888
0.65,0.0932729,0.9824
0.7000000000000001,0.0893676,0.9696
0.75,0.0849806,0.9514
0.8,0.080186,0.9264
0.8500000000000001,0.075028,0.8922
0.9,0.0692806,0.8502
0.9500000000000001,0.0631514,0.7952
1.0,0.0568232,0.7356
1.05,0.0504455,0.6726
1.1,0.0439732,0.6034
1.1500000000000001,0.0374501,0.525
1.2000000000000002,0.0307271,0.4412
1.25,0.024685,0.3606
1.3,0.019609,0.2928
1.35,0.0150881,0.2296
1.4000000000000001,0.0115318,0.1768
1.4500000000000002,0.0082539,0.1302
1.5,0.0059407,0.0942
1.55,0.0041776,0.0672
1.6,0.0027391,0.0444
1.6500000000000001,0.0019544,0.0324
1.7000000000000002,0.0012309,0.0206
1.75,0.0007899,0.0142
1.8,0.0004136,0.0078
1.85,0.0002334,0.0046
1.9000000000000001,0.0001113,0.0022
1.9500000000000002,5.74e-05,0.001
2.0,2.75e-05,0.0006
2.0500000000000003,2.35e-05,0.0004
2.1,2.34e-05,0.0004
2.15,1.03e-05,0.0002
2.2,0.0,0.0
