SNR,BER,FER
1.0,0.1228051,1.0
1.05,0.1210775,1.0
1.1,0.1193753,1.0
1.1500000000000001,0.1176082,1.0
1.2000000000000002,0.1158572,1.0
1.2500000000000002,0.1140929,1.0
1.3000000000000003,0.1123314,1.0
1.3500000000000003,0.110544,1.0
1.4000000000000004,0.1087244,1.0
1.4500000000000004,0.1069222,1.0
1.5000000000000004,0.1050946,1.0
1.5500000000000005,0.1032549,1.0
1.6000000000000005,0.1013714,1.0
1.6500000000000006,0.0994737,1.0
1.7000000000000006,0.0975744,1.0
1.7500000000000007,0.0956635,1.0
1.8000000000000007,0.0937269,1.0
1.8500000000000008,0.0917741,1.0
1.9000000000000008,0.0897643,1.0
1.9500000000000008,0.0877675,1.0
2.000000000000001,0.0857323,1.0
2.0500000000000007,0.0836866,1.0
2.100000000000001,0.081608,1.0
2.1500000000000012,0.0794624,1.0
2.200000000000001,0.0772697,1.0
2.250000000000001,0.0750388,0.9998
2.300000000000001,0.072759,0.9992
2.3500000000000014,0.0704243,0.9984
2.4000000000000012,0.0680094,0.9978
2.450000000000001,0.0654958,0.996
2.5000000000000013,0.0628535,0.9916
2.5500000000000016,0.0601096,0.9836
2.6000000000000014,0.0570384,0.9716
2.6500000000000012,0.0538625,0.9532
2.7000000000000015,0.0504301,0.9292
2.7500000000000018,0.0467095,0.8964
2.8000000000000016,0.0427575,0.8542
2.8500000000000014,0.0387723,0.8054
2.9000000000000017,0.0341168,0.731
2.950000000000002,0.0296797,0.6568
3.0000000000000018,0.0253479,0.5796
3.0500000000000016,0.021196,0.4986
3.100000000000002,0.0174257,0.4214
3.150000000000002,0.0139393,0.3454
3.200000000000002,0.0108305,0.2778
3.2500000000000018,0.0080886,0.2124
3.300000000000002,0.0058671,0.1548
3.3500000000000023,0.0043178,0.1172
3.400000000000002,0.0028885,0.0816
3.450000000000002,0.0020036,0.0568
3.500000000000002,0.0012941,0.0374
3.5500000000000025,0.0008754,0.0256
3.6000000000000023,0.0005696,0.0178
3.650000000000002,0.0003795,0.0116
3.7000000000000024,0.0002271,0.0074
3.7500000000000027,0.0001293,0.0046
3.8000000000000025,0.0001371,0.003
3.8500000000000023,5.32e-05,0.002
3.9000000000000026,3.89e-05,0.0012
3.950000000000003,5.96e-05,0.0008
4.000000000000003,5.64e-05,0.0004
4.0500000000000025,4.95e-05,0.0004
4.100000000000003,2.8e-06,0.0002
4.150000000000003,0.0,0.0
