SNR,BER,FER
0.0,0.1296889,1.0
0.05,0.1272782,1.0
0.1,0.1248126,1.0
0.15000000000000002,0.1223165,1.0
0.2,0.1197441,1.0
0.25,0.1171056,1.0
0.30000000000000004,0.1144457,0.9998
0.35000000000000003,0.1117304,0.9996
0.4,0.1089204,0.9988
0.45,0.105996,0.998
0.5,0.1029298,0.9958
0.55,0.099646,0.9926
0.6000000000000001,0.0961678,0.9868
0.65,0.0924443,0.9784
0.7000000000000001,0.0883633,0.9644
0.75,0.0837967,0.9432
0.8,0.0790182,0.9176
0.8500000000000001,0.0737027,0.8786
0.9,0.0681989,0.8372
0.9500000000000001,0.0622448,0.7846
1.0,0.0559392,0.7242
1.05,0.0494661,0.6562
1.1,0.0429334,0.584
1.1500000000000001,0.0366003,0.5092
1.2000000000000002,0.0303328,0.431
1.25,0.0247093,0.3568
1.3,0.0196108,0.2862
1.35,0.015325,0.2286
1.4000000000000001,0.0117263,0.1786
1.4500000000000002,0.0087978,0.1356
1.5,0.0063329,0.0992
1.55,0.0042858,0.0684
1.6,0.0029357,0.0468
1.6500000000000001,0.0018991,0.0308
1.7000000000000002,0.0011459,0.019
1.75,0.0006593,0.0112
1.8,0.0004066,0.0066
1.85,0.0002638,0.0044
1.9000000000000001,0.0002008,0.0034
1.9500000000000002,0.0001073,0.002
2.0,9.71e-05,0.0016
2.0500000000000003,7.32e-05,0.0014
2.1,3.36e-05,0.001
2.15,3.58e-05,0.0008
2.2,2.57e-05,0.0008
2.25,1.09e-05,0.0002
2.3000000000000003,0.0,0.0
