SNR,BER,FER
0.0,0.129986,1.0
0.05,0.1275755,1.0
0.1,0.1251287,1.0
0.15000000000000002,0.1226539,1.0
0.2,0.120155,1.0
0.25,0.117594,1.0
0.30000000000000004,0.1149752,1.0
0.35000000000000003,0.1122504,0.9996
0.4,0.1094042,0.9986
0.45,0.1064847,0.998
0.5,0.1034357,0.996
0.55,0.1002195,0.9926
0.6000000000000001,0.0968601,0.988
0.65,0.0932771,0.9812
0.7000000000000001,0.0893671,0.9688
0.75,0.0849975,0.9496
0.8,0.0802133,0.9256
0.8500000000000001,0.075105,0.8944
0.9,0.0694043,0.8516
0.9500000000000001,0.0632445,0.8022
1.0,0.0567232,0.7398
1.05,0.0499477,0.6654
1.1,0.0429908,0.5856
1.1500000000000001,0.0363926,0.5034
1.2000000000000002,0.0304427,0.4288
1.25,0.0249529,0.3584
1.3,0.0198607,0.2902
1.35,0.0153543,0.2286
1.4000000000000001,0.0115016,0.1734
1.4500000000000002,0.0082653,0.1276
1.5,0.0058635,0.0904
1.55,0.0041016,0.0628
1.6,0.0027008,0.042
1.6500000000000001,0.0017794,0.0282
1.7000000000000002,0.0011662,0.019
1.75,0.0007892,0.0126
1.8,0.0005117,0.0082
1.85,0.0003052,0.0054
1.9000000000000001,0.0001829,0.0028
1.9500000000000002,0.0001099,0.0018
2.0,5.33e-05,0.001
2.0500000000000003,3.14e-05,0.0006
2.1,0.0,0.0
