SNR,BER,FER
0.0,0.1298521,1.0
0.05,0.1274886,1.0
0.1,0.1250388,1.0
0.15000000000000002,0.122573,1.0
0.2,0.1200723,1.0
0.25,0.1175434,1.0
0.30000000000000004,0.1149254,0.9996
0.35000000000000003,0.1122239,0.9996
0.4,0.1094325,0.9988
0.45,0.1065922,0.9986
0.5,0.1036193,0.9974
0.55,0.1004872,0.9942
0.6000000000000001,0.0971441,0.9904
0.65,0.0934582,0.9806
0.7000000000000001,0.0895765,0.9692
0.75,0.0853372,0.9514
0.8,0.0806435,0.9266
0.8500000000000001,0.0752488,0.8894
0.9,0.0696471,0.8468
0.9500000000000001,0.0638468,0.7984
1.0,0.0578705,0.7432
1.05,0.051316,0.6762
1.1,0.0450022,0.608
1.1500000000000001,0.0383628,0.5328
1.2000000000000002,0.031779,0.447
1.25,0.0264793,0.3832
1.3,0.0209896,0.3088
1.35,0.0161853,0.2438
1.4000000000000001,0.0121682,0.1854
1.4500000000000002,0.00887,0.1378
1.5,0.0063265,0.0986
1.55,0.0045056,0.0712
1.6,0.002952,0.0474
1.6500000000000001,0.0020789,0.0338
1.7000000000000002,0.0013921,0.0224
1.75,0.0008075,0.0132
1.8,0.0004945,0.0082
1.85,0.000299,0.005
1.9000000000000001,0.000144,0.0024
1.9500000000000002,9.05e-05,0.0016
2.0,2.21e-05,0.0004
2.0500000000000003,0.0,0.0
