SNR,BER,FER
1.0,0.122968,1.0
1.05,0.1212408,1.0
1.1,0.1195175,1.0
1.1500000000000001,0.117801,1.0
1.2000000000000002,0.1160429,1.0
1.2500000000000002,0.1142593,1.0
1.3000000000000003,0.1125094,1.0
1.3500000000000003,0.1107437,1.0
1.4000000000000004,0.1089558,1.0
1.4500000000000004,0.1071193,1.0
1.5000000000000004,0.1052965,1.0
1.5500000000000005,0.1034434,1.0
1.6000000000000005,0.1015627,1.0
1.6500000000000006,0.0996803,1.0
1.7000000000000006,0.0977819,1.0
1.7500000000000007,0.0958766,1.0
1.8000000000000007,0.0939194,1.0
1.8500000000000008,0.0919563,1.0
1.9000000000000008,0.0899545,1.0
1.9500000000000008,0.0879577,1.0
2.000000000000001,0.0859527,1.0
2.0500000000000007,0.0838588,1.0
2.100000000000001,0.0817671,1.0
2.1500000000000012,0.0796049,1.0
2.200000000000001,0.0774362,1.0
2.250000000000001,0.075228,1.0
2.300000000000001,0.0729523,1.0
2.3500000000000014,0.0706129,0.9994
2.4000000000000012,0.0682108,0.999
2.450000000000001,0.0657068,0.9972
2.5000000000000013,0.0630759,0.9924
2.5500000000000016,0.0602656,0.9852
2.6000000000000014,0.0573459,0.9742
2.6500000000000012,0.0541284,0.9578
2.7000000000000015,0.0507247,0.9326
2.7500000000000018,0.0470511,0.8994
2.8000000000000016,0.0429866,0.8526
2.8500000000000014,0.038936,0.7998
2.9000000000000017,0.0347655,0.7408
2.950000000000002,0.0303905,0.6718
3.0000000000000018,0.0259057,0.593
3.0500000000000016,0.0218048,0.515
3.100000000000002,0.0175703,0.4264
3.150000000000002,0.0139924,0.3468
3.200000000000002,0.0110094,0.279
3.2500000000000018,0.0082844,0.2122
3.300000000000002,0.0061574,0.1628
3.3500000000000023,0.004534,0.1218
3.400000000000002,0.0031295,0.085
3.450000000000002,0.0021373,0.0606
3.500000000000002,0.0014305,0.041
3.5500000000000025,0.0009691,0.0288
3.6000000000000023,0.0005883,0.0172
3.650000000000002,0.000336,0.0108
3.7000000000000024,0.0002125,0.007
3.7500000000000027,0.0001328,0.0038
3.8000000000000025,0.000104,0.0028
3.8500000000000023,4.55e-05,0.0018
3.9000000000000026,1.34e-05,0.0008
3.950000000000003,4.1e-06,0.0004
4.000000000000003,2.41e-05,0.0002
4.0500000000000025,9.5e-06,0.0006
4.100000000000003,1.05e-05,0.0004
4.150000000000003,5.2e-06,0.0004
4.200000000000003,1.91e-05,0.0004
4.250000000000003,8e-07,0.0002
4.3000000000000025,8e-07,0.0002
4.350000000000003,8e-07,0.0002
4.400000000000003,4.75e-05,0.0002
4.450000000000003,2.02e-05,0.0002
4.5000000000000036,5.78e-05,0.0002
4.550000000000003,1.3e-06,0.0002
4.600000000000003,0.0,0.0
