SNR,BER,FER
1.0,0.1227509,1.0
1.05,0.1210419,1.0
1.1,0.1193318,1.0
1.1500000000000001,0.1176085,1.0
1.2000000000000002,0.1158598,1.0
1.2500000000000002,0.1141112,1.0
1.3000000000000003,0.1123316,1.0
1.3500000000000003,0.1105406,1.0
1.4000000000000004,0.1087567,1.0
1.4500000000000004,0.1069348,1.0
1.5000000000000004,0.105093,1.0
1.5500000000000005,0.1032465,1.0
1.6000000000000005,0.1014042,1.0
1.6500000000000006,0.0995518,1.0
1.7000000000000006,0.097658,1.0
1.7500000000000007,0.0957587,1.0
1.8000000000000007,0.0938297,1.0
1.8500000000000008,0.0918873,1.0
1.9000000000000008,0.0899096,1.0
1.9500000000000008,0.0879434,1.0
2.000000000000001,0.0859211,1.0
2.0500000000000007,0.0838398,1.0
2.100000000000001,0.081749,1.0
2.1500000000000012,0.0796127,1.0
2.200000000000001,0.0774463,1.0
2.250000000000001,0.0752546,0.9998
2.300000000000001,0.0729988,0.9996
2.3500000000000014,0.0707122,0.9988
2.4000000000000012,0.0683244,0.9972
2.450000000000001,0.0658273,0.9942
2.5000000000000013,0.0632221,0.9894
2.5500000000000016,0.0605275,0.9834
2.6000000000000014,0.0576181,0.9738
2.6500000000000012,0.0545504,0.9612
2.7000000000000015,0.0511264,0.937
2.7500000000000018,0.0474812,0.9054
2.8000000000000016,0.0435025,0.8624
2.8500000000000014,0.0392156,0.809
2.9000000000000017,0.0346478,0.7356
2.950000000000002,0.0303018,0.6628
3.0000000000000018,0.0258853,0.5876
3.0500000000000016,0.0217244,0.5074
3.100000000000002,0.0177879,0.4264
3.150000000000002,0.0141275,0.3464
3.200000000000002,0.0108929,0.2716
3.2500000000000018,0.0082936,0.2122
3.300000000000002,0.0060867,0.1604
3.3500000000000023,0.0042971,0.115
3.400000000000002,0.0031128,0.0838
3.450000000000002,0.0022233,0.0598
3.500000000000002,0.0012963,0.0364
3.5500000000000025,0.0008019,0.0234
3.6000000000000023,0.000475,0.0136
3.650000000000002,0.0002681,0.0082
3.7000000000000024,0.0001501,0.0042
3.7500000000000027,7.86e-05,0.0022
3.8000000000000025,3.85e-05,0.0014
3.8500000000000023,2.65e-05,0.001
3.9000000000000026,1.94e-05,0.0008
3.950000000000003,7e-07,0.0002
4.000000000000003,2.57e-05,0.0002
4.0500000000000025,7e-07,0.0002
4.100000000000003,0.0,0.0
