SNR,BER,FER
1.0,0.1230035,1.0
1.05,0.1213257,1.0
1.1,0.1195808,1.0
1.1500000000000001,0.1178604,1.0
1.2000000000000002,0.1161161,1.0
1.2500000000000002,0.1143369,1.0
1.3000000000000003,0.1126017,1.0
1.3500000000000003,0.1108249,1.0
1.4000000000000004,0.1090475,1.0
1.4500000000000004,0.1072378,1.0
1.5000000000000004,0.1054056,1.0
1.5500000000000005,0.1035678,1.0
1.6000000000000005,0.1017268,1.0
1.6500000000000006,0.0998723,1.0
1.7000000000000006,0.0979492,1.0
1.7500000000000007,0.0960346,1.0
1.8000000000000007,0.094126,1.0
1.8500000000000008,0.0921694,1.0
1.9000000000000008,0.0902288,1.0
1.9500000000000008,0.0882301,1.0
2.000000000000001,0.0862073,1.0
2.0500000000000007,0.0841553,1.0
2.100000000000001,0.0820929,1.0
2.1500000000000012,0.0799692,1.0
2.200000000000001,0.0778002,0.9998
2.250000000000001,0.0756143,0.9996
2.300000000000001,0.0733371,0.9992
2.3500000000000014,0.071053,0.9988
2.4000000000000012,0.0686947,0.9978
2.450000000000001,0.0662191,0.9962
2.5000000000000013,0.0636442,0.9928
2.5500000000000016,0.0608872,0.987
2.6000000000000014,0.0579233,0.9762
2.6500000000000012,0.0546704,0.959
2.7000000000000015,0.0512201,0.9348
2.7500000000000018,0.0476209,0.905
2.8000000000000016,0.0437748,0.865
2.8500000000000014,0.0395997,0.8144
2.9000000000000017,0.0350516,0.7454
2.950000000000002,0.0306518,0.6712
3.0000000000000018,0.0263794,0.5942
3.0500000000000016,0.0221947,0.514
3.100000000000002,0.0182398,0.4346
3.150000000000002,0.0145354,0.3542
3.200000000000002,0.0112429,0.2788
3.2500000000000018,0.0084907,0.216
3.300000000000002,0.0062503,0.1616
3.3500000000000023,0.0045507,0.122
3.400000000000002,0.0031008,0.0848
3.450000000000002,0.0021525,0.0586
3.500000000000002,0.0013816,0.0388
3.5500000000000025,0.0007771,0.0226
3.6000000000000023,0.0004368,0.013
3.650000000000002,0.0002615,0.0074
3.7000000000000024,0.0001533,0.0042
3.7500000000000027,0.0001074,0.003
3.8000000000000025,4.53e-05,0.0016
3.8500000000000023,2.96e-05,0.001
3.9000000000000026,2.08e-05,0.0008
3.950000000000003,0.0,0.0
