SNR,BER,FER
0.0,0.1297437,1.0
0.05,0.1273624,1.0
0.1,0.1248965,1.0
0.15000000000000002,0.1224244,1.0
0.2,0.1198734,0.9998
0.25,0.1172874,0.9998
0.30000000000000004,0.1146145,0.9998
0.35000000000000003,0.1118803,0.9994
0.4,0.1090943,0.999
0.45,0.1061883,0.9984
0.5,0.1030807,0.9956
0.55,0.0998945,0.9928
0.6000000000000001,0.0963998,0.9872
0.65,0.0927308,0.9786
0.7000000000000001,0.0885835,0.964
0.75,0.084097,0.944
0.8,0.079229,0.9156
0.8500000000000001,0.0741161,0.8822
0.9,0.0685948,0.8438
0.9500000000000001,0.0624431,0.7886
1.0,0.0561411,0.7288
1.05,0.0495636,0.6628
1.1,0.042952,0.5888
1.1500000000000001,0.0362947,0.5066
1.2000000000000002,0.0301811,0.4322
1.25,0.0243334,0.3532
1.3,0.0190688,0.2834
1.35,0.0148629,0.2232
1.4000000000000001,0.0112477,0.1702
1.4500000000000002,0.0083501,0.1278
1.5,0.0058906,0.0914
1.55,0.0042598,0.0674
1.6,0.0029965,0.0486
1.6500000000000001,0.0019283,0.0316
1.7000000000000002,0.001238,0.0204
1.75,0.0007802,0.0128
1.8,0.0004935,0.0082
1.85,0.0002691,0.0048
1.9000000000000001,0.0001852,0.003
1.9500000000000002,0.0001118,0.002
2.0,4.38e-05,0.0006
2.0500000000000003,2.37e-05,0.0004
2.1,2.56e-05,0.0004
2.15,9.5e-06,0.0002
2.2,0.0,0.0
