SNR,BER,FER
1.0,0.1229549,1.0
1.05,0.1212662,1.0
1.1,0.119536,1.0
1.1500000000000001,0.1178069,1.0
1.2000000000000002,0.1160504,1.0
1.2500000000000002,0.1142839,1.0
1.3000000000000003,0.1125227,1.0
1.3500000000000003,0.1107563,1.0
1.4000000000000004,0.1089572,1.0
1.4500000000000004,0.1071698,1.0
1.5000000000000004,0.1053225,1.0
1.5500000000000005,0.1034725,1.0
1.6000000000000005,0.101592,1.0
1.6500000000000006,0.0997063,1.0
1.7000000000000006,0.0978088,1.0
1.7500000000000007,0.0958893,1.0
1.8000000000000007,0.0939336,1.0
1.8500000000000008,0.0919843,1.0
1.9000000000000008,0.0899817,1.0
1.9500000000000008,0.0879626,1.0
2.000000000000001,0.0859027,1.0
2.0500000000000007,0.0838256,1.0
2.100000000000001,0.0817219,1.0
2.1500000000000012,0.0795667,1.0
2.200000000000001,0.0774178,1.0
2.250000000000001,0.0751938,0.9998
2.300000000000001,0.0729077,0.9992
2.3500000000000014,0.0705619,0.9988
2.4000000000000012,0.0681193,0.998
2.450000000000001,0.0656445,0.9958
2.5000000000000013,0.0630185,0.9918
2.5500000000000016,0.0602394,0.9844
2.6000000000000014,0.057274,0.9724
2.6500000000000012,0.0540979,0.9568
2.7000000000000015,0.0506663,0.9306
2.7500000000000018,0.0469223,0.8972
2.8000000000000016,0.0429554,0.8526
2.8500000000000014,0.0388149,0.7992
2.9000000000000017,0.0345931,0.7392
2.950000000000002,0.0302707,0.6686
3.0000000000000018,0.0260862,0.5958
3.0500000000000016,0.0217619,0.5108
3.100000000000002,0.0177105,0.4244
3.150000000000002,0.0143079,0.3494
3.200000000000002,0.0113028,0.2836
3.2500000000000018,0.0086293,0.2222
3.300000000000002,0.0063367,0.1674
3.3500000000000023,0.0045936,0.1254
3.400000000000002,0.0033649,0.0918
3.450000000000002,0.0020869,0.0594
3.500000000000002,0.0014036,0.0404
3.5500000000000025,0.000956,0.0276
3.6000000000000023,0.0006099,0.0184
3.650000000000002,0.0004147,0.012
3.7000000000000024,0.000257,0.0066
3.7500000000000027,0.0002408,0.0052
3.8000000000000025,8.49e-05,0.0024
3.8500000000000023,4.36e-05,0.002
3.9000000000000026,1.26e-05,0.001
3.950000000000003,2.7e-06,0.0004
4.000000000000003,7e-07,0.0004
4.0500000000000025,3e-07,0.0002
4.100000000000003,2.9e-05,0.0004
4.150000000000003,3e-07,0.0002
4.200000000000003,3e-07,0.0002
4.250000000000003,1.8e-06,0.0002
4.3000000000000025,4.95e-05,0.0002
4.350000000000003,1.1e-06,0.0002
4.400000000000003,4e-06,0.0002
4.450000000000003,1.7e-06,0.0002
4.5000000000000036,1.11e-05,0.0002
4.550000000000003,1e-06,0.0004
4.600000000000003,2.28e-05,0.0002
4.650000000000003,3e-07,0.0002
4.700000000000003,3e-07,0.0002
4.7500000000000036,1.6e-06,0.0002
4.800000000000003,3e-07,0.0002
4.850000000000003,3.3e-06,0.0002
4.900000000000004,5.2e-06,0.0002
4.950000000000004,1.5e-06,0.0002
